{
 "cells": [
  {
   "cell_type": "code",
   "execution_count": 1,
   "metadata": {},
   "outputs": [
    {
     "name": "stderr",
     "output_type": "stream",
     "text": [
      "/usr/local/lib/python2.7/dist-packages/scipy/sparse/lil.py:19: RuntimeWarning: numpy.dtype size changed, may indicate binary incompatibility. Expected 96, got 88\n",
      "  from . import _csparsetools\n",
      "/usr/local/lib/python2.7/dist-packages/scipy/sparse/csgraph/__init__.py:165: RuntimeWarning: numpy.dtype size changed, may indicate binary incompatibility. Expected 96, got 88\n",
      "  from ._shortest_path import shortest_path, floyd_warshall, dijkstra,\\\n",
      "/usr/local/lib/python2.7/dist-packages/scipy/sparse/csgraph/_validation.py:5: RuntimeWarning: numpy.dtype size changed, may indicate binary incompatibility. Expected 96, got 88\n",
      "  from ._tools import csgraph_to_dense, csgraph_from_dense,\\\n",
      "/usr/local/lib/python2.7/dist-packages/scipy/sparse/csgraph/__init__.py:167: RuntimeWarning: numpy.dtype size changed, may indicate binary incompatibility. Expected 96, got 88\n",
      "  from ._traversal import breadth_first_order, depth_first_order, \\\n",
      "/usr/local/lib/python2.7/dist-packages/scipy/sparse/csgraph/__init__.py:169: RuntimeWarning: numpy.dtype size changed, may indicate binary incompatibility. Expected 96, got 88\n",
      "  from ._min_spanning_tree import minimum_spanning_tree\n",
      "/usr/local/lib/python2.7/dist-packages/scipy/sparse/csgraph/__init__.py:170: RuntimeWarning: numpy.dtype size changed, may indicate binary incompatibility. Expected 96, got 88\n",
      "  from ._reordering import reverse_cuthill_mckee, maximum_bipartite_matching, \\\n",
      "/usr/local/lib/python2.7/dist-packages/scipy/spatial/__init__.py:95: RuntimeWarning: numpy.dtype size changed, may indicate binary incompatibility. Expected 96, got 88\n",
      "  from .ckdtree import *\n",
      "/usr/local/lib/python2.7/dist-packages/scipy/spatial/__init__.py:96: RuntimeWarning: numpy.dtype size changed, may indicate binary incompatibility. Expected 96, got 88\n",
      "  from .qhull import *\n",
      "/usr/local/lib/python2.7/dist-packages/scipy/spatial/_spherical_voronoi.py:18: RuntimeWarning: numpy.dtype size changed, may indicate binary incompatibility. Expected 96, got 88\n",
      "  from . import _voronoi\n",
      "/usr/local/lib/python2.7/dist-packages/scipy/spatial/distance.py:122: RuntimeWarning: numpy.dtype size changed, may indicate binary incompatibility. Expected 96, got 88\n",
      "  from . import _hausdorff\n",
      "/usr/local/lib/python2.7/dist-packages/scipy/linalg/basic.py:17: RuntimeWarning: numpy.dtype size changed, may indicate binary incompatibility. Expected 96, got 88\n",
      "  from ._solve_toeplitz import levinson\n",
      "/usr/local/lib/python2.7/dist-packages/scipy/linalg/__init__.py:207: RuntimeWarning: numpy.dtype size changed, may indicate binary incompatibility. Expected 96, got 88\n",
      "  from ._decomp_update import *\n",
      "/usr/local/lib/python2.7/dist-packages/scipy/special/__init__.py:640: RuntimeWarning: numpy.dtype size changed, may indicate binary incompatibility. Expected 96, got 88\n",
      "  from ._ufuncs import *\n",
      "/usr/local/lib/python2.7/dist-packages/scipy/special/_ellip_harm.py:7: RuntimeWarning: numpy.dtype size changed, may indicate binary incompatibility. Expected 96, got 88\n",
      "  from ._ellip_harm_2 import _ellipsoid, _ellipsoid_norm\n",
      "/usr/local/lib/python2.7/dist-packages/scipy/interpolate/_bsplines.py:10: RuntimeWarning: numpy.dtype size changed, may indicate binary incompatibility. Expected 96, got 88\n",
      "  from . import _bspl\n",
      "/usr/local/lib/python2.7/dist-packages/scipy/optimize/_trlib/__init__.py:1: RuntimeWarning: numpy.dtype size changed, may indicate binary incompatibility. Expected 96, got 88\n",
      "  from ._trlib import TRLIBQuadraticSubproblem\n",
      "/usr/local/lib/python2.7/dist-packages/scipy/optimize/_numdiff.py:10: RuntimeWarning: numpy.dtype size changed, may indicate binary incompatibility. Expected 96, got 88\n",
      "  from ._group_columns import group_dense, group_sparse\n",
      "/usr/local/lib/python2.7/dist-packages/scipy/stats/_continuous_distns.py:18: RuntimeWarning: numpy.dtype size changed, may indicate binary incompatibility. Expected 96, got 88\n",
      "  from . import _stats\n",
      "/usr/local/lib/python2.7/dist-packages/sklearn/utils/__init__.py:9: RuntimeWarning: numpy.dtype size changed, may indicate binary incompatibility. Expected 96, got 88\n",
      "  from .murmurhash import murmurhash3_32\n",
      "/usr/local/lib/python2.7/dist-packages/sklearn/utils/extmath.py:24: RuntimeWarning: numpy.dtype size changed, may indicate binary incompatibility. Expected 96, got 88\n",
      "  from ._logistic_sigmoid import _log_logistic_sigmoid\n",
      "/usr/local/lib/python2.7/dist-packages/sklearn/utils/extmath.py:26: RuntimeWarning: numpy.dtype size changed, may indicate binary incompatibility. Expected 96, got 88\n",
      "  from .sparsefuncs_fast import csr_row_norms\n",
      "/usr/local/lib/python2.7/dist-packages/sklearn/metrics/cluster/supervised.py:23: RuntimeWarning: numpy.dtype size changed, may indicate binary incompatibility. Expected 96, got 88\n",
      "  from .expected_mutual_info_fast import expected_mutual_information\n",
      "/usr/local/lib/python2.7/dist-packages/sklearn/metrics/pairwise.py:30: RuntimeWarning: numpy.dtype size changed, may indicate binary incompatibility. Expected 96, got 88\n",
      "  from .pairwise_fast import _chi2_kernel_fast, _sparse_manhattan\n",
      "/usr/local/lib/python2.7/dist-packages/sklearn/linear_model/base.py:35: RuntimeWarning: numpy.dtype size changed, may indicate binary incompatibility. Expected 96, got 88\n",
      "  from ..utils.seq_dataset import ArrayDataset, CSRDataset\n",
      "/usr/local/lib/python2.7/dist-packages/sklearn/linear_model/least_angle.py:23: RuntimeWarning: numpy.dtype size changed, may indicate binary incompatibility. Expected 96, got 88\n",
      "  from ..utils import arrayfuncs, as_float_array, check_X_y, deprecated\n",
      "/usr/local/lib/python2.7/dist-packages/sklearn/utils/random.py:10: RuntimeWarning: numpy.dtype size changed, may indicate binary incompatibility. Expected 96, got 88\n",
      "  from ._random import sample_without_replacement\n",
      "/usr/local/lib/python2.7/dist-packages/sklearn/linear_model/coordinate_descent.py:29: RuntimeWarning: numpy.dtype size changed, may indicate binary incompatibility. Expected 96, got 88\n",
      "  from . import cd_fast\n",
      "/usr/local/lib/python2.7/dist-packages/sklearn/linear_model/__init__.py:22: RuntimeWarning: numpy.dtype size changed, may indicate binary incompatibility. Expected 96, got 88\n",
      "  from .sgd_fast import Hinge, Log, ModifiedHuber, SquaredLoss, Huber\n",
      "/usr/local/lib/python2.7/dist-packages/sklearn/linear_model/sag.py:12: RuntimeWarning: numpy.dtype size changed, may indicate binary incompatibility. Expected 96, got 88\n",
      "  from .sag_fast import sag\n",
      "/usr/local/lib/python2.7/dist-packages/sklearn/svm/base.py:8: RuntimeWarning: numpy.dtype size changed, may indicate binary incompatibility. Expected 96, got 88\n",
      "  from . import libsvm, liblinear\n",
      "/usr/local/lib/python2.7/dist-packages/sklearn/svm/base.py:9: RuntimeWarning: numpy.dtype size changed, may indicate binary incompatibility. Expected 96, got 88\n",
      "  from . import libsvm_sparse\n",
      "/usr/local/lib/python2.7/dist-packages/sklearn/neighbors/__init__.py:6: RuntimeWarning: numpy.dtype size changed, may indicate binary incompatibility. Expected 96, got 88\n",
      "  from .ball_tree import BallTree\n",
      "/usr/local/lib/python2.7/dist-packages/sklearn/neighbors/__init__.py:7: RuntimeWarning: numpy.dtype size changed, may indicate binary incompatibility. Expected 96, got 88\n",
      "  from .kd_tree import KDTree\n",
      "/usr/local/lib/python2.7/dist-packages/sklearn/decomposition/online_lda.py:28: RuntimeWarning: numpy.dtype size changed, may indicate binary incompatibility. Expected 96, got 88\n",
      "  from ._online_lda import (mean_change, _dirichlet_expectation_1d,\n",
      "/usr/local/lib/python2.7/dist-packages/pandas/_libs/__init__.py:4: RuntimeWarning: numpy.dtype size changed, may indicate binary incompatibility. Expected 96, got 88\n",
      "  from .tslib import iNaT, NaT, Timestamp, Timedelta, OutOfBoundsDatetime\n",
      "/usr/local/lib/python2.7/dist-packages/pandas/__init__.py:26: RuntimeWarning: numpy.dtype size changed, may indicate binary incompatibility. Expected 96, got 88\n",
      "  from pandas._libs import (hashtable as _hashtable,\n",
      "/usr/local/lib/python2.7/dist-packages/pandas/core/dtypes/common.py:6: RuntimeWarning: numpy.dtype size changed, may indicate binary incompatibility. Expected 96, got 88\n",
      "  from pandas._libs import algos, lib\n",
      "/usr/local/lib/python2.7/dist-packages/pandas/core/util/hashing.py:7: RuntimeWarning: numpy.dtype size changed, may indicate binary incompatibility. Expected 96, got 88\n",
      "  from pandas._libs import hashing, tslib\n",
      "/usr/local/lib/python2.7/dist-packages/pandas/core/indexes/base.py:7: RuntimeWarning: numpy.dtype size changed, may indicate binary incompatibility. Expected 96, got 88\n",
      "  from pandas._libs import (lib, index as libindex, tslib as libts,\n",
      "/usr/local/lib/python2.7/dist-packages/pandas/tseries/offsets.py:21: RuntimeWarning: numpy.dtype size changed, may indicate binary incompatibility. Expected 96, got 88\n",
      "  import pandas._libs.tslibs.offsets as liboffsets\n",
      "/usr/local/lib/python2.7/dist-packages/pandas/core/ops.py:16: RuntimeWarning: numpy.dtype size changed, may indicate binary incompatibility. Expected 96, got 88\n",
      "  from pandas._libs import algos as libalgos, ops as libops\n",
      "/usr/local/lib/python2.7/dist-packages/pandas/core/indexes/interval.py:32: RuntimeWarning: numpy.dtype size changed, may indicate binary incompatibility. Expected 96, got 88\n",
      "  from pandas._libs.interval import (\n",
      "/usr/local/lib/python2.7/dist-packages/pandas/core/internals.py:14: RuntimeWarning: numpy.dtype size changed, may indicate binary incompatibility. Expected 96, got 88\n",
      "  from pandas._libs import internals as libinternals\n",
      "/usr/local/lib/python2.7/dist-packages/pandas/core/sparse/array.py:33: RuntimeWarning: numpy.dtype size changed, may indicate binary incompatibility. Expected 96, got 88\n",
      "  import pandas._libs.sparse as splib\n",
      "/usr/local/lib/python2.7/dist-packages/pandas/core/window.py:36: RuntimeWarning: numpy.dtype size changed, may indicate binary incompatibility. Expected 96, got 88\n",
      "  import pandas._libs.window as _window\n",
      "/usr/local/lib/python2.7/dist-packages/pandas/core/groupby/groupby.py:68: RuntimeWarning: numpy.dtype size changed, may indicate binary incompatibility. Expected 96, got 88\n",
      "  from pandas._libs import (lib, reduction,\n",
      "/usr/local/lib/python2.7/dist-packages/pandas/core/reshape/reshape.py:30: RuntimeWarning: numpy.dtype size changed, may indicate binary incompatibility. Expected 96, got 88\n",
      "  from pandas._libs import algos as _algos, reshape as _reshape\n",
      "/usr/local/lib/python2.7/dist-packages/pandas/io/parsers.py:45: RuntimeWarning: numpy.dtype size changed, may indicate binary incompatibility. Expected 96, got 88\n",
      "  import pandas._libs.parsers as parsers\n",
      "/usr/local/lib/python2.7/dist-packages/pandas/io/pytables.py:50: RuntimeWarning: numpy.dtype size changed, may indicate binary incompatibility. Expected 96, got 88\n",
      "  from pandas._libs import algos, lib, writers as libwriters\n",
      "/usr/local/lib/python2.7/dist-packages/scipy/cluster/vq.py:78: RuntimeWarning: numpy.dtype size changed, may indicate binary incompatibility. Expected 96, got 88\n",
      "  from . import _vq\n"
     ]
    },
    {
     "name": "stderr",
     "output_type": "stream",
     "text": [
      "/usr/local/lib/python2.7/dist-packages/scipy/cluster/hierarchy.py:178: RuntimeWarning: numpy.dtype size changed, may indicate binary incompatibility. Expected 96, got 88\n",
      "  from . import _hierarchy, _optimal_leaf_ordering\n"
     ]
    }
   ],
   "source": [
    "import numpy as np\n",
    "import random\n",
    "import networkx as nx\n",
    "import matplotlib.pyplot as plt\n",
    "from scipy.stats import kendalltau\n",
    "from scipy.stats import spearmanr\n",
    "from scipy import stats\n",
    "from sklearn.decomposition import PCA\n",
    "import seaborn as sns"
   ]
  },
  {
   "cell_type": "code",
   "execution_count": 2,
   "metadata": {},
   "outputs": [],
   "source": [
    "import random\n",
    "import sys\n",
    "import copy\n",
    "from igraph import *\n",
    "import time\n",
    "import numpy as np\n",
    "import pickle\n",
    "import numpy as np\n",
    "import matplotlib.pyplot as plt"
   ]
  },
  {
   "cell_type": "code",
   "execution_count": 3,
   "metadata": {},
   "outputs": [],
   "source": [
    "g = Graph.Read_Ncol(\"CA-GrQc.txt\", directed = False)\n",
    "A = g.get_edgelist()\n",
    "nxg = nx.Graph(A)"
   ]
  },
  {
   "cell_type": "code",
   "execution_count": 4,
   "metadata": {},
   "outputs": [],
   "source": [
    "with open('centralidades.txt', 'rb') as f:\n",
    "    my_list2 = pickle.load(f)"
   ]
  },
  {
   "cell_type": "code",
   "execution_count": 5,
   "metadata": {},
   "outputs": [
    {
     "data": {
      "text/plain": [
       "(5242, 7)"
      ]
     },
     "execution_count": 5,
     "metadata": {},
     "output_type": "execute_result"
    }
   ],
   "source": [
    "X = np.array(my_list2)\n",
    "X = X.transpose()\n",
    "X = stats.zscore(X)\n",
    "X.shape"
   ]
  },
  {
   "cell_type": "code",
   "execution_count": 6,
   "metadata": {},
   "outputs": [
    {
     "name": "stdout",
     "output_type": "stream",
     "text": [
      "52.5657647754\n",
      "(array([0.52565765]), 1)\n",
      "(array([138.88297853]), 1)\n"
     ]
    }
   ],
   "source": [
    "varience_values = []\n",
    "\n",
    "pca = PCA(n_components=1,svd_solver='full')\n",
    "teste = pca.fit_transform(X)\n",
    "explained_varience = pca.explained_variance_ratio_.sum()\n",
    "print(float(pca.explained_variance_ratio_.sum()*100))\n",
    "print(pca.explained_variance_ratio_,len(pca.explained_variance_ratio_))\n",
    "print(pca.singular_values_,len(pca.singular_values_))  "
   ]
  },
  {
   "cell_type": "code",
   "execution_count": 7,
   "metadata": {},
   "outputs": [
    {
     "data": {
      "text/plain": [
       "5242"
      ]
     },
     "execution_count": 7,
     "metadata": {},
     "output_type": "execute_result"
    }
   ],
   "source": [
    "lista_teste = teste.tolist()\n",
    "len(lista_teste)"
   ]
  },
  {
   "cell_type": "code",
   "execution_count": 8,
   "metadata": {},
   "outputs": [
    {
     "data": {
      "text/plain": [
       "5242"
      ]
     },
     "execution_count": 8,
     "metadata": {},
     "output_type": "execute_result"
    }
   ],
   "source": [
    "#  a partir daqui é so pegar os index igual no que ja tem\n",
    "flat_list = []\n",
    "for sublist in lista_teste:\n",
    "    for item in sublist:\n",
    "        flat_list.append(item)\n",
    "        \n",
    "len(flat_list)\n",
    "# print(flat_list[:50])"
   ]
  },
  {
   "cell_type": "code",
   "execution_count": 9,
   "metadata": {},
   "outputs": [
    {
     "name": "stdout",
     "output_type": "stream",
     "text": [
      "[1037, 577, 11, 288, 53, 207, 20, 108, 186, 101, 279, 72, 295, 103, 147, 244, 545, 365, 363, 1088, 346, 77, 100, 369, 465, 353, 396, 265, 1032, 303, 300, 1066, 282, 457, 296, 1515, 230, 36, 1091, 1733, 159, 102, 269, 2065, 1284, 359, 285, 315, 543, 375]\n"
     ]
    }
   ],
   "source": [
    "n = 50\n",
    "vindex = [i for i in range(g.vcount())]\n",
    "aflat, seeds_PCA = (list(x) for x in zip(*sorted(zip(flat_list, vindex), reverse=True)))\n",
    "print(seeds_PCA[:50])\n",
    "# len(vindex)"
   ]
  },
  {
   "cell_type": "code",
   "execution_count": 10,
   "metadata": {},
   "outputs": [
    {
     "name": "stdout",
     "output_type": "stream",
     "text": [
      "[101, 295, 279, 103, 77, 72, 296, 288, 265, 100, 159, 285, 1284, 282, 302, 275, 263, 262, 269, 300, 303, 301, 277, 267, 259, 221, 297, 280, 261, 299, 294, 290, 264, 284, 273, 1037, 577, 293, 292, 291, 289, 286, 283, 278, 276, 274, 270, 266, 545, 1278]\n"
     ]
    }
   ],
   "source": [
    "my_list = X\n",
    "# my_list[0] = grau\n",
    "# my_list[1] = betweenness\n",
    "# my_list[2] = pagerank\n",
    "# my_list[3] = closeness\n",
    "# my_list[4] = eigenvector_centrality\n",
    "# my_list[5] = harmonic_centrality\n",
    "# my_list[6] = load_centrality \n",
    "# ...etc\n",
    "aflat, seeds_grau = (list(x) for x in zip(*sorted(zip(my_list[:,0], vindex), reverse=True)))\n",
    "aflat, seeds_betweennes = (list(x) for x in zip(*sorted(zip(my_list[:,1], vindex), reverse=True)))\n",
    "aflat, seeds_pagerank = (list(x) for x in zip(*sorted(zip(my_list[:,2], vindex), reverse=True)))\n",
    "aflat, seeds_closeness = (list(x) for x in zip(*sorted(zip(my_list[:,3], vindex), reverse=True)))\n",
    "aflat, seeds_eigenvector_centrality = (list(x) for x in zip(*sorted(zip(my_list[:,4], vindex), reverse=True)))\n",
    "aflat, seeds_harmonic_centrality = (list(x) for x in zip(*sorted(zip(my_list[:,5], vindex), reverse=True)))\n",
    "aflat, seeds_load_centrality = (list(x) for x in zip(*sorted(zip(my_list[:,6], vindex), reverse=True)))\n",
    "l = [seeds_grau,seeds_betweennes,seeds_pagerank,seeds_closeness,seeds_eigenvector_centrality,seeds_harmonic_centrality,seeds_load_centrality]\n",
    "print(l[0][:50])"
   ]
  },
  {
   "cell_type": "code",
   "execution_count": 11,
   "metadata": {},
   "outputs": [],
   "source": [
    "# SIMILARIDADE ENTRE AS SEMENTES DO PCA E AS OUTRAS\n",
    "#  seeds_PCA FOI FEITO COM A MATRIZ TODA"
   ]
  },
  {
   "cell_type": "code",
   "execution_count": 12,
   "metadata": {},
   "outputs": [],
   "source": [
    "def calcKendall(matrix):\n",
    "    matrix_kendall = []\n",
    "    for i in range(matrix.shape[1]):\n",
    "        kend = []\n",
    "        for j in range(matrix.shape[1]):\n",
    "            tau, p_value = kendalltau(matrix[:,i],matrix[:,j])\n",
    "            kend.append(tau)\n",
    "        matrix_kendall.append(kend)\n",
    "    matrix_kendall = np.array(matrix_kendall)\n",
    "    return(matrix_kendall)\n"
   ]
  },
  {
   "cell_type": "code",
   "execution_count": 13,
   "metadata": {},
   "outputs": [],
   "source": [
    "def calcSpearman(matrix):\n",
    "    tau,p_value = spearmanr(matrix)\n",
    "    matrix_spearman = np.array(tau)\n",
    "    return(matrix_spearman)"
   ]
  },
  {
   "cell_type": "code",
   "execution_count": 14,
   "metadata": {},
   "outputs": [],
   "source": [
    "# SELECIONANDO PARES DE COLUNAS DE ALTA E BAIXA CORRELACAO PARA USAR NO PCA"
   ]
  },
  {
   "cell_type": "code",
   "execution_count": 15,
   "metadata": {},
   "outputs": [
    {
     "name": "stdout",
     "output_type": "stream",
     "text": [
      "[[1.         0.57185314 0.58721285 0.45151019 0.41243435 0.46440414\n",
      "  0.57150763]\n",
      " [0.57185314 1.         0.52957422 0.42997674 0.33544209 0.43394043\n",
      "  0.99595293]\n",
      " [0.58721285 0.52957422 1.         0.07900353 0.03292889 0.08723392\n",
      "  0.5292732 ]\n",
      " [0.45151019 0.42997674 0.07900353 1.         0.73374608 0.980198\n",
      "  0.429671  ]\n",
      " [0.41243435 0.33544209 0.03292889 0.73374608 1.         0.74194635\n",
      "  0.33510951]\n",
      " [0.46440414 0.43394043 0.08723392 0.980198   0.74194635 1.\n",
      "  0.43360445]\n",
      " [0.57150763 0.99595293 0.5292732  0.429671   0.33510951 0.43360445\n",
      "  1.        ]]\n"
     ]
    }
   ],
   "source": [
    "matrix_kendall = calcKendall(X)\n",
    "print(matrix_kendall)"
   ]
  },
  {
   "cell_type": "code",
   "execution_count": 16,
   "metadata": {},
   "outputs": [
    {
     "ename": "SyntaxError",
     "evalue": "invalid syntax (<ipython-input-16-45385b255eab>, line 1)",
     "output_type": "error",
     "traceback": [
      "\u001b[1;36m  File \u001b[1;32m\"<ipython-input-16-45385b255eab>\"\u001b[1;36m, line \u001b[1;32m1\u001b[0m\n\u001b[1;33m    [1.         0.57185314 0.58721285 0.45151019 0.41243435 0.46440414 0.57150763]\u001b[0m\n\u001b[1;37m                         ^\u001b[0m\n\u001b[1;31mSyntaxError\u001b[0m\u001b[1;31m:\u001b[0m invalid syntax\n"
     ]
    }
   ],
   "source": [
    "[1.         0.57185314 0.58721285 0.45151019 0.41243435 0.46440414 0.57150763]\n",
    "[0.57185314 1.         0.52957422 0.42997674 0.33544209 0.43394043 0.99595293]\n",
    "[0.58721285 0.52957422 1.         0.07900353 0.03292889 0.08723392 0.5292732 ]\n",
    "[0.45151019 0.42997674 0.07900353 1.         0.73374608 0.980198   0.429671  ]\n",
    "[0.41243435 0.33544209 0.03292889 0.73374608 1.         0.74194635 0.33510951]\n",
    "[0.46440414 0.43394043 0.08723392 0.980198   0.74194635 1.         0.43360445]\n",
    "[0.57150763 0.99595293 0.5292732  0.429671   0.33510951 0.43360445 1.        ]"
   ]
  },
  {
   "cell_type": "code",
   "execution_count": 16,
   "metadata": {},
   "outputs": [
    {
     "name": "stdout",
     "output_type": "stream",
     "text": [
      "[[1.         0.67570943 0.73122294 0.59042723 0.54467012 0.6060633\n",
      "  0.67558465]\n",
      " [0.67570943 1.         0.66762163 0.55427283 0.43849521 0.55904682\n",
      "  0.99994645]\n",
      " [0.73122294 0.66762163 1.         0.13269871 0.06974803 0.14563111\n",
      "  0.66739304]\n",
      " [0.59042723 0.55427283 0.13269871 1.         0.89638367 0.9991819\n",
      "  0.55420544]\n",
      " [0.54467012 0.43849521 0.06974803 0.89638367 1.         0.90248899\n",
      "  0.43826029]\n",
      " [0.6060633  0.55904682 0.14563111 0.9991819  0.90248899 1.\n",
      "  0.55895756]\n",
      " [0.67558465 0.99994645 0.66739304 0.55420544 0.43826029 0.55895756\n",
      "  1.        ]]\n"
     ]
    }
   ],
   "source": [
    "matrix_spearman = (calcSpearman(X))\n",
    "print(matrix_spearman)"
   ]
  },
  {
   "cell_type": "code",
   "execution_count": null,
   "metadata": {},
   "outputs": [],
   "source": [
    "[1.         0.67570943 0.73122294 0.59042723 0.54467012 0.6060633  0.67558465]\n",
    "[0.67570943 1.         0.66762163 0.55427283 0.43849521 0.55904682 0.99994645]\n",
    "[0.73122294 0.66762163 1.         0.13269871 0.06974803 0.14563111 0.66739304]\n",
    "[0.59042723 0.55427283 0.13269871 1.         0.89638367 0.9991819  0.55420544]\n",
    "[0.54467012 0.43849521 0.06974803 0.89638367 1.         0.90248899 0.43826029]\n",
    "[0.6060633  0.55904682 0.14563111 0.9991819  0.90248899 1.         0.55895756]\n",
    "[0.67558465 0.99994645 0.66739304 0.55420544 0.43826029 0.55895756 1.        ]"
   ]
  },
  {
   "cell_type": "markdown",
   "metadata": {},
   "source": [
    "Pense neste plot como um mapa de calor de correlacao baseado na correlação em kendall e spearman\n",
    "Nao, na verdade é exatamente isso que é.\n",
    "Repare que os plots sao iguais"
   ]
  },
  {
   "cell_type": "code",
   "execution_count": 17,
   "metadata": {},
   "outputs": [],
   "source": [
    "labels_medidas = ['0_grau','1_betweennes','2_pagerank','3_closeness','4_eigenvector_centrality','5_harmonic_centrality','6_load_centrality']"
   ]
  },
  {
   "cell_type": "code",
   "execution_count": 18,
   "metadata": {},
   "outputs": [
    {
     "data": {
      "text/plain": [
       "<matplotlib.axes._subplots.AxesSubplot at 0x7f40c68deb90>"
      ]
     },
     "execution_count": 18,
     "metadata": {},
     "output_type": "execute_result"
    },
    {
     "data": {
